idx,x,y,width,height
0,0.66875,0.8416666666666667,0.1953125,0.3472222222222222
0,0.67421875,0.8416666666666667,0.1953125,0.3472222222222222
0,0.57109375,0.8305555555555556,0.1953125,0.3472222222222222
0,0.18046875,0.8555555555555555,0.1953125,0.3472222222222222
0,0.6640625,0.1736111111111111,0.1953125,0.3472222222222222
0,0.665625,0.25972222222222224,0.1953125,0.3472222222222222
0,0.34921875,0.8,0.1953125,0.3472222222222222
0,0.74609375,0.8361111111111111,0.1953125,0.3472222222222222
0,0.603125,0.8347222222222223,0.1953125,0.3472222222222222
