idx,x,y,width,height
0,0.965625,0.5736111111111111,0.1953125,0.3472222222222222
0,0.25390625,0.7208333333333333,0.1953125,0.3472222222222222
0,0.66640625,0.6055555555555555,0.1953125,0.3472222222222222
0,0.6,0.4888888888888889,0.1953125,0.3472222222222222
0,0.65078125,0.6263888888888889,0.1953125,0.3472222222222222
0,0.15703125,0.5694444444444444,0.1953125,0.3472222222222222
0,0.58046875,0.5847222222222223,0.1953125,0.3472222222222222
0,0.45703125,0.6319444444444444,0.1953125,0.3472222222222222
0,0.97578125,0.7805555555555556,0.1953125,0.3472222222222222
