idx,x,y,width,height
0,0.4921875,0.6138888888888889,0.1953125,0.3472222222222222
0,0.63671875,0.5319444444444444,0.1953125,0.3472222222222222
0,0.0234375,0.6125,0.1953125,0.3472222222222222
0,0.36328125,0.5638888888888889,0.1953125,0.3472222222222222
0,0.869921875,0.5875,0.1953125,0.3472222222222222
0,0.76796875,0.5777777777777777,0.1953125,0.3472222222222222
0,0.26015625,0.6291666666666667,0.1953125,0.3472222222222222
0,0.66015625,0.5305555555555556,0.1953125,0.3472222222222222
0,0.175,0.6069444444444444,0.1953125,0.3472222222222222
