idx,x,y,width,height
0,0.396875,0.5333333333333333,0.1953125,0.3472222222222222
0,0.3328125,0.4986111111111111,0.1953125,0.3472222222222222
0,0.28515625,0.5763888888888888,0.1953125,0.3472222222222222
0,0.6234375,0.40555555555555556,0.1953125,0.3472222222222222
0,0.3640625,0.5180555555555556,0.1953125,0.3472222222222222
0,0.29296875,0.17777777777777778,0.1953125,0.3472222222222222
0,0.0671875,0.625,0.1953125,0.3472222222222222
0,0.23203125,0.5347222222222222,0.1953125,0.3472222222222222
0,0.24609375,0.5333333333333333,0.1953125,0.3472222222222222
