idx,x,y,width,height
0,0.78359375,0.6819444444444445,0.1953125,0.3472222222222222
0,0.65078125,0.6763888888888889,0.1953125,0.3472222222222222
0,0.873046875,0.6527777777777778,0.1953125,0.3472222222222222
0,0.5078125,0.6430555555555556,0.1953125,0.3472222222222222
0,0.1703125,0.5208333333333334,0.1953125,0.3472222222222222
0,0.61953125,0.6763888888888889,0.1953125,0.3472222222222222
0,0.95234375,0.6569444444444444,0.1953125,0.3472222222222222
0,0.2171875,0.6027777777777777,0.1953125,0.3472222222222222
0,0.1671875,0.7361111111111112,0.1953125,0.3472222222222222
