idx,x,y,width,height
0,0.896875,0.5361111111111111,0.1953125,0.3472222222222222
0,0.8125,0.49027777777777776,0.1953125,0.3472222222222222
0,0.77265625,0.47638888888888886,0.1953125,0.3472222222222222
0,0.6046875,0.37777777777777777,0.1953125,0.3472222222222222
0,0.08203125,0.4,0.1953125,0.3472222222222222
0,0.309375,0.3333333333333333,0.1953125,0.3472222222222222
0,0.57265625,0.13055555555555556,0.1953125,0.3472222222222222
0,0.75859375,0.38055555555555554,0.1953125,0.3472222222222222
0,0.06875,0.4,0.1953125,0.3472222222222222
