idx,x,y,width,height
0,0.58203125,0.12222222222222222,0.1953125,0.3472222222222222
0,0.58359375,0.16944444444444445,0.1953125,0.3472222222222222
0,0.5859375,0.24722222222222223,0.1953125,0.3472222222222222
0,0.5875,0.28888888888888886,0.1953125,0.3472222222222222
0,0.9078125,0.5180555555555556,0.1953125,0.3472222222222222
0,0.940625,0.6763888888888889,0.1953125,0.3472222222222222
0,0.59921875,0.7152777777777778,0.1953125,0.3472222222222222
0,0.50859375,0.7111111111111111,0.1953125,0.3472222222222222
0,0.75,0.8083333333333333,0.1953125,0.3472222222222222
