idx,x,y,width,height
0,0.38125,0.6,0.1953125,0.3472222222222222
0,0.34921875,0.6902777777777778,0.1953125,0.3472222222222222
0,0.984375,0.5083333333333333,0.1953125,0.3472222222222222
0,0.61953125,0.5986111111111111,0.1953125,0.3472222222222222
0,0.34921875,0.2875,0.1953125,0.3472222222222222
0,0.56875,0.6222222222222222,0.1953125,0.3472222222222222
0,0.40390625,0.45555555555555555,0.1953125,0.3472222222222222
0,0.25078125,0.6,0.1953125,0.3472222222222222
0,0.41328125,0.525,0.1953125,0.3472222222222222
