idx,x,y,width,height
0,0.95,0.6555555555555556,0.1953125,0.3472222222222222
0,0.74453125,0.6402777777777777,0.1953125,0.3472222222222222
0,0.873046875,0.6305555555555555,0.1953125,0.3472222222222222
0,0.11171875,0.6458333333333334,0.1953125,0.3472222222222222
0,0.43828125,0.5916666666666667,0.1953125,0.3472222222222222
0,0.559765625,0.5930555555555556,0.1953125,0.3472222222222222
0,0.0546875,0.6527777777777778,0.1953125,0.3472222222222222
0,0.7140625,0.6319444444444444,0.1953125,0.3472222222222222
0,0.94765625,0.3527777777777778,0.1953125,0.3472222222222222
