idx,x,y,width,height
0,0.0109375,0.5777777777777777,0.1953125,0.3472222222222222
0,0.01015625,0.6236111111111111,0.1953125,0.3472222222222222
0,0.01015625,0.7291666666666666,0.1953125,0.3472222222222222
0,0.43984375,0.7069444444444445,0.1953125,0.3472222222222222
0,0.0484375,0.26666666666666666,0.1953125,0.3472222222222222
0,0.01640625,0.41944444444444445,0.1953125,0.3472222222222222
0,0.5390625,0.5652777777777778,0.1953125,0.3472222222222222
0,0.27421875,0.6819444444444445,0.1953125,0.3472222222222222
0,0.49140625,0.6958333333333333,0.1953125,0.3472222222222222
