idx,x,y,width,height
0,0.328125,0.5361111111111111,0.1953125,0.3472222222222222
0,0.8359375,0.4597222222222222,0.1953125,0.3472222222222222
0,0.38515625,0.5402777777777777,0.1953125,0.3472222222222222
0,0.4640625,0.5416666666666666,0.1953125,0.3472222222222222
0,0.76171875,0.14722222222222223,0.1953125,0.3472222222222222
0,0.80625,0.6208333333333333,0.1953125,0.3472222222222222
0,0.77109375,0.6041666666666666,0.1953125,0.3472222222222222
0,0.9578125,0.6555555555555556,0.1953125,0.3472222222222222
0,0.83359375,0.6277777777777778,0.1953125,0.3472222222222222
