idx,x,y,width,height
0,0.40625,0.35,0.1953125,0.3472222222222222
0,0.065625,0.4,0.1953125,0.3472222222222222
0,0.98828125,0.33611111111111114,0.1953125,0.3472222222222222
0,0.1609375,0.4041666666666667,0.1953125,0.3472222222222222
0,0.83203125,0.37222222222222223,0.1953125,0.3472222222222222
0,0.31953125,0.4125,0.1953125,0.3472222222222222
0,0.51328125,0.42916666666666664,0.1953125,0.3472222222222222
0,0.7390625,0.3861111111111111,0.1953125,0.3472222222222222
0,0.6421875,0.40555555555555556,0.1953125,0.3472222222222222
