idx,x,y,width,height
0,0.3234375,0.38333333333333336,0.1953125,0.3472222222222222
0,0.7265625,0.4222222222222222,0.1953125,0.3472222222222222
0,0.446875,0.5472222222222223,0.1953125,0.3472222222222222
0,0.28125,0.2986111111111111,0.1953125,0.3472222222222222
0,0.35625,0.5194444444444445,0.1953125,0.3472222222222222
0,0.2828125,0.35694444444444445,0.1953125,0.3472222222222222
0,0.4625,0.33194444444444443,0.1953125,0.3472222222222222
0,0.27734375,0.5791666666666667,0.1953125,0.3472222222222222
0,0.31875,0.5319444444444444,0.1953125,0.3472222222222222
