idx,x,y,width,height
0,0.1328125,0.45,0.1953125,0.3472222222222222
0,0.84609375,0.7055555555555556,0.1953125,0.3472222222222222
0,0.25390625,0.4652777777777778,0.1953125,0.3472222222222222
0,0.2296875,0.49583333333333335,0.1953125,0.3472222222222222
0,0.5109375,0.5638888888888889,0.1953125,0.3472222222222222
0,0.6375,0.7055555555555556,0.1953125,0.3472222222222222
0,0.6828125,0.49444444444444446,0.1953125,0.3472222222222222
0,0.723828125,0.4930555555555556,0.1953125,0.3472222222222222
0,0.7609375,0.49583333333333335,0.1953125,0.3472222222222222
