idx,x,y,width,height
0,0.61875,0.6041666666666666,0.1953125,0.3472222222222222
0,0.85859375,0.6305555555555555,0.1953125,0.3472222222222222
0,0.28671875,0.08194444444444444,0.1953125,0.3472222222222222
0,0.29140625,0.45416666666666666,0.1953125,0.3472222222222222
0,0.4953125,0.48194444444444445,0.1953125,0.3472222222222222
0,0.01171875,0.5111111111111111,0.1953125,0.3472222222222222
0,0.2734375,0.4486111111111111,0.1953125,0.3472222222222222
0,0.146875,0.4388888888888889,0.1953125,0.3472222222222222
0,0.471875,0.46944444444444444,0.1953125,0.3472222222222222
