idx,x,y,width,height
0,0.61953125,0.5041666666666667,0.1953125,0.3472222222222222
0,0.27890625,0.5194444444444445,0.1953125,0.3472222222222222
0,0.53359375,0.3763888888888889,0.1953125,0.3472222222222222
0,0.0296875,0.5986111111111111,0.1953125,0.3472222222222222
0,0.80078125,0.4638888888888889,0.1953125,0.3472222222222222
0,0.2265625,0.5472222222222223,0.1953125,0.3472222222222222
0,0.2765625,0.5333333333333333,0.1953125,0.3472222222222222
0,0.46796875,0.42083333333333334,0.1953125,0.3472222222222222
0,0.411328125,0.425,0.1953125,0.3472222222222222
