idx,x,y,width,height
0,0.01796875,0.5388888888888889,0.1953125,0.3472222222222222
0,0.26640625,0.4652777777777778,0.1953125,0.3472222222222222
0,0.33359375,0.44583333333333336,0.1953125,0.3472222222222222
0,0.6015625,0.43333333333333335,0.1953125,0.3472222222222222
0,0.83046875,0.46944444444444444,0.1953125,0.3472222222222222
0,0.412890625,0.4222222222222222,0.1953125,0.3472222222222222
0,0.4265625,0.42083333333333334,0.1953125,0.3472222222222222
0,0.22421875,0.48194444444444445,0.1953125,0.3472222222222222
0,0.3078125,0.4527777777777778,0.1953125,0.3472222222222222
