idx,x,y,width,height
0,0.7765625,0.6722222222222223,0.1953125,0.3472222222222222
0,0.9109375,0.7083333333333334,0.1953125,0.3472222222222222
0,0.33046875,0.6763888888888889,0.1953125,0.3472222222222222
0,0.34921875,0.6319444444444444,0.1953125,0.3472222222222222
0,0.1046875,0.4,0.1953125,0.3472222222222222
0,0.40078125,0.6513888888888889,0.1953125,0.3472222222222222
0,0.80390625,0.6555555555555556,0.1953125,0.3472222222222222
0,0.44921875,0.6347222222222222,0.1953125,0.3472222222222222
0,0.3828125,0.6527777777777778,0.1953125,0.3472222222222222
