idx,x,y,width,height
0,0.628125,0.5305555555555556,0.1953125,0.3472222222222222
0,0.934375,0.7305555555555555,0.1953125,0.3472222222222222
0,0.1109375,0.3972222222222222,0.1953125,0.3472222222222222
0,0.03125,0.6986111111111111,0.1953125,0.3472222222222222
0,0.92734375,0.425,0.1953125,0.3472222222222222
0,0.27109375,0.5,0.1953125,0.3472222222222222
0,0.3578125,0.6111111111111112,0.1953125,0.3472222222222222
0,0.26875,0.6194444444444445,0.1953125,0.3472222222222222
0,0.61953125,0.6541666666666667,0.1953125,0.3472222222222222
