idx,x,y,width,height
0,0.30078125,0.39444444444444443,0.1953125,0.3472222222222222
0,0.871875,0.4597222222222222,0.1953125,0.3472222222222222
0,0.51875,0.4083333333333333,0.1953125,0.3472222222222222
0,0.21484375,0.3111111111111111,0.1953125,0.3472222222222222
0,0.61484375,0.4111111111111111,0.1953125,0.3472222222222222
0,0.9078125,0.47638888888888886,0.1953125,0.3472222222222222
0,0.73828125,0.35833333333333334,0.1953125,0.3472222222222222
0,0.825,0.44027777777777777,0.1953125,0.3472222222222222
0,0.98515625,0.5666666666666667,0.1953125,0.3472222222222222
