idx,x,y,width,height
0,0.2078125,0.23472222222222222,0.1953125,0.3472222222222222
0,0.221875,0.5097222222222222,0.1953125,0.3472222222222222
0,0.4359375,0.49722222222222223,0.1953125,0.3472222222222222
0,0.61640625,0.5027777777777778,0.1953125,0.3472222222222222
0,0.842578125,0.49444444444444446,0.1953125,0.3472222222222222
0,0.13046875,0.2791666666666667,0.1953125,0.3472222222222222
0,0.08125,0.3055555555555556,0.1953125,0.3472222222222222
0,0.04453125,0.325,0.1953125,0.3472222222222222
0,0.015625,0.3402777777777778,0.1953125,0.3472222222222222
