idx,x,y,width,height
0,0.1265625,0.6208333333333333,0.1953125,0.3472222222222222
0,0.5328125,0.6375,0.1953125,0.3472222222222222
0,0.600390625,0.6541666666666667,0.1953125,0.3472222222222222
0,0.3984375,0.6027777777777777,0.1953125,0.3472222222222222
0,0.75859375,0.5916666666666667,0.1953125,0.3472222222222222
0,0.85859375,0.5125,0.1953125,0.3472222222222222
0,0.9046875,0.4986111111111111,0.1953125,0.3472222222222222
0,0.58671875,0.5902777777777778,0.1953125,0.3472222222222222
0,0.3453125,0.6069444444444444,0.1953125,0.3472222222222222
