idx,x,y,width,height
0,0.36640625,0.6138888888888889,0.1953125,0.3472222222222222
0,0.69375,0.5597222222222222,0.1953125,0.3472222222222222
0,0.63984375,0.5972222222222222,0.1953125,0.3472222222222222
0,0.3109375,0.6166666666666667,0.1953125,0.3472222222222222
0,0.61640625,0.5138888888888888,0.1953125,0.3472222222222222
0,0.8078125,0.5458333333333333,0.1953125,0.3472222222222222
0,0.5203125,0.4986111111111111,0.1953125,0.3472222222222222
0,0.6796875,0.5944444444444444,0.1953125,0.3472222222222222
0,0.04375,0.8375,0.1953125,0.3472222222222222
