idx,x,y,width,height
0,0.6859375,0.475,0.1953125,0.3472222222222222
0,0.240625,0.5291666666666667,0.1953125,0.3472222222222222
0,0.64765625,0.5625,0.1953125,0.3472222222222222
0,0.95234375,0.5402777777777777,0.1953125,0.3472222222222222
0,0.50234375,0.5333333333333333,0.1953125,0.3472222222222222
0,0.36484375,0.5958333333333333,0.1953125,0.3472222222222222
0,0.27578125,0.5722222222222222,0.1953125,0.3472222222222222
0,0.8515625,0.5902777777777778,0.1953125,0.3472222222222222
0,0.5171875,0.5819444444444445,0.1953125,0.3472222222222222
