idx,x,y,width,height
0,0.37890625,0.2875,0.1953125,0.3472222222222222
0,0.87265625,0.6791666666666667,0.1953125,0.3472222222222222
0,0.35703125,0.4305555555555556,0.1953125,0.3472222222222222
0,0.55,0.5430555555555555,0.1953125,0.3472222222222222
0,0.0390625,0.5597222222222222,0.1953125,0.3472222222222222
0,0.2328125,0.2763888888888889,0.1953125,0.3472222222222222
0,0.69609375,0.6097222222222223,0.1953125,0.3472222222222222
0,0.421875,0.2833333333333333,0.1953125,0.3472222222222222
0,0.633203125,0.575,0.1953125,0.3472222222222222
