idx,x,y,width,height
0,0.76875,0.5916666666666667,0.1953125,0.3472222222222222
0,0.88046875,0.5861111111111111,0.1953125,0.3472222222222222
0,0.24140625,0.6375,0.1953125,0.3472222222222222
0,0.66875,0.5763888888888888,0.1953125,0.3472222222222222
0,0.13671875,0.6375,0.1953125,0.3472222222222222
0,0.265625,0.6305555555555555,0.1953125,0.3472222222222222
0,0.6171875,0.5652777777777778,0.1953125,0.3472222222222222
0,0.34375,0.5694444444444444,0.1953125,0.3472222222222222
0,0.6890625,0.5763888888888888,0.1953125,0.3472222222222222
