idx,x,y,width,height
0,0.5140625,0.6569444444444444,0.1953125,0.3472222222222222
0,0.734765625,0.6194444444444445,0.1953125,0.3472222222222222
0,0.65390625,0.625,0.1953125,0.3472222222222222
0,0.49140625,0.6694444444444444,0.1953125,0.3472222222222222
0,0.31484375,0.7930555555555555,0.1953125,0.3472222222222222
0,0.03984375,0.8083333333333333,0.1953125,0.3472222222222222
0,0.203515625,0.7875,0.1953125,0.3472222222222222
0,0.41171875,0.7430555555555556,0.1953125,0.3472222222222222
0,0.0140625,0.6875,0.1953125,0.3472222222222222
