idx,x,y,width,height
0,0.94609375,0.40555555555555556,0.1953125,0.3472222222222222
0,0.00703125,0.32222222222222224,0.1953125,0.3472222222222222
0,0.90625,0.38333333333333336,0.1953125,0.3472222222222222
0,0.08828125,0.4888888888888889,0.1953125,0.3472222222222222
0,0.32890625,0.325,0.1953125,0.3472222222222222
0,0.72265625,0.2791666666666667,0.1953125,0.3472222222222222
0,0.79765625,0.3277777777777778,0.1953125,0.3472222222222222
0,0.21875,0.29305555555555557,0.1953125,0.3472222222222222
0,0.2359375,0.28888888888888886,0.1953125,0.3472222222222222
