idx,x,y,width,height
0,0.146875,0.4791666666666667,0.1953125,0.3472222222222222
0,0.5,0.4847222222222222,0.1953125,0.3472222222222222
0,0.66328125,0.5777777777777777,0.1953125,0.3472222222222222
0,0.21640625,0.4263888888888889,0.1953125,0.3472222222222222
0,0.846875,0.6597222222222222,0.1953125,0.3472222222222222
0,0.0390625,0.5027777777777778,0.1953125,0.3472222222222222
0,0.70234375,0.5625,0.1953125,0.3472222222222222
0,0.7703125,0.5583333333333333,0.1953125,0.3472222222222222
0,0.68046875,0.5805555555555556,0.1953125,0.3472222222222222
