idx,x,y,width,height
0,0.37734375,0.6319444444444444,0.1953125,0.3472222222222222
0,0.678125,0.6333333333333333,0.1953125,0.3472222222222222
0,0.17734375,0.7208333333333333,0.1953125,0.3472222222222222
0,0.81328125,0.475,0.1953125,0.3472222222222222
0,0.67109375,0.6333333333333333,0.1953125,0.3472222222222222
0,0.8078125,0.3277777777777778,0.1953125,0.3472222222222222
0,0.79453125,0.46111111111111114,0.1953125,0.3472222222222222
0,0.43203125,0.6263888888888889,0.1953125,0.3472222222222222
0,0.4515625,0.5166666666666667,0.1953125,0.3472222222222222
