idx,x,y,width,height
0,0.59765625,0.7277777777777777,0.1953125,0.3472222222222222
0,0.628125,0.7958333333333333,0.1953125,0.3472222222222222
0,0.39609375,0.6791666666666667,0.1953125,0.3472222222222222
0,0.12578125,0.7069444444444445,0.1953125,0.3472222222222222
0,0.25859375,0.7875,0.1953125,0.3472222222222222
0,0.88671875,0.48333333333333334,0.1953125,0.3472222222222222
0,0.13046875,0.5527777777777778,0.1953125,0.3472222222222222
0,0.778125,0.8,0.1953125,0.3472222222222222
0,0.12265625,0.8444444444444444,0.1953125,0.3472222222222222
