idx,x,y,width,height
0,0.06875,0.3861111111111111,0.1953125,0.3472222222222222
0,0.821875,0.3638888888888889,0.1953125,0.3472222222222222
0,0.60703125,0.325,0.1953125,0.3472222222222222
0,0.0984375,0.38472222222222224,0.1953125,0.3472222222222222
0,0.678125,0.25277777777777777,0.1953125,0.3472222222222222
0,0.9078125,0.3375,0.1953125,0.3472222222222222
0,0.5140625,0.2,0.1953125,0.3472222222222222
0,0.5328125,0.3416666666666667,0.1953125,0.3472222222222222
0,0.676171875,0.3972222222222222,0.1953125,0.3472222222222222
