idx,x,y,width,height
0,0.81328125,0.6819444444444445,0.1953125,0.3472222222222222
0,0.2046875,0.625,0.1953125,0.3472222222222222
0,0.673046875,0.44166666666666665,0.1953125,0.3472222222222222
0,0.32890625,0.6055555555555555,0.1953125,0.3472222222222222
0,0.635546875,0.5263888888888889,0.1953125,0.3472222222222222
0,0.47109375,0.6777777777777778,0.1953125,0.3472222222222222
0,0.98203125,0.7736111111111111,0.1953125,0.3472222222222222
0,0.398828125,0.5597222222222222,0.1953125,0.3472222222222222
0,0.54375,0.5986111111111111,0.1953125,0.3472222222222222
