idx,x,y,width,height
0,0.2109375,0.18472222222222223,0.1953125,0.3472222222222222
0,0.18671875,0.4625,0.1953125,0.3472222222222222
0,0.21015625,0.35833333333333334,0.1953125,0.3472222222222222
0,0.46484375,0.39305555555555555,0.1953125,0.3472222222222222
0,0.3421875,0.4861111111111111,0.1953125,0.3472222222222222
0,0.72734375,0.6763888888888889,0.1953125,0.3472222222222222
0,0.37578125,0.5236111111111111,0.1953125,0.3472222222222222
0,0.240625,0.4722222222222222,0.1953125,0.3472222222222222
0,0.41875,0.475,0.1953125,0.3472222222222222
