idx,x,y,width,height
0,0.23828125,0.6527777777777778,0.1953125,0.3472222222222222
0,0.7421875,0.4125,0.1953125,0.3472222222222222
0,0.9625,0.675,0.1953125,0.3472222222222222
0,0.71484375,0.525,0.1953125,0.3472222222222222
0,0.16484375,0.5888888888888889,0.1953125,0.3472222222222222
0,0.2921875,0.5652777777777778,0.1953125,0.3472222222222222
0,0.64375,0.5680555555555555,0.1953125,0.3472222222222222
0,0.990625,0.5486111111111112,0.1953125,0.3472222222222222
0,0.78828125,0.625,0.1953125,0.3472222222222222
