idx,x,y,width,height
0,0.73359375,0.17222222222222222,0.1953125,0.3472222222222222
0,0.734375,0.3638888888888889,0.1953125,0.3472222222222222
0,0.61875,0.1625,0.1953125,0.3472222222222222
0,0.77734375,0.15694444444444444,0.1953125,0.3472222222222222
0,0.9125,0.3138888888888889,0.1953125,0.3472222222222222
0,0.97109375,0.18333333333333332,0.1953125,0.3472222222222222
0,0.1625,0.2791666666666667,0.1953125,0.3472222222222222
0,0.77109375,0.21805555555555556,0.1953125,0.3472222222222222
0,0.7609375,0.36944444444444446,0.1953125,0.3472222222222222
