idx,x,y,width,height
0,0.48828125,0.4875,0.1953125,0.3472222222222222
0,0.1671875,0.5513888888888889,0.1953125,0.3472222222222222
0,0.53984375,0.39861111111111114,0.1953125,0.3472222222222222
0,0.6515625,0.41388888888888886,0.1953125,0.3472222222222222
0,0.525,0.39861111111111114,0.1953125,0.3472222222222222
0,0.01171875,0.5847222222222223,0.1953125,0.3472222222222222
0,0.40703125,0.3263888888888889,0.1953125,0.3472222222222222
0,0.6125,0.5666666666666667,0.1953125,0.3472222222222222
0,0.30859375,0.4222222222222222,0.1953125,0.3472222222222222
