idx,x,y,width,height
0,0.52421875,0.3875,0.1953125,0.3472222222222222
0,0.65,0.42083333333333334,0.1953125,0.3472222222222222
0,0.69453125,0.0763888888888889,0.1953125,0.3472222222222222
0,0.471875,0.35833333333333334,0.1953125,0.3472222222222222
0,0.1234375,0.30833333333333335,0.1953125,0.3472222222222222
0,0.6953125,0.41388888888888886,0.1953125,0.3472222222222222
0,0.078125,0.3902777777777778,0.1953125,0.3472222222222222
0,0.45078125,0.3111111111111111,0.1953125,0.3472222222222222
0,0.184375,0.35555555555555557,0.1953125,0.3472222222222222
