idx,x,y,width,height
0,0.89140625,0.44305555555555554,0.1953125,0.3472222222222222
0,0.38671875,0.575,0.1953125,0.3472222222222222
0,0.21875,0.42916666666666664,0.1953125,0.3472222222222222
0,0.13203125,0.44583333333333336,0.1953125,0.3472222222222222
0,0.7875,0.5263888888888889,0.1953125,0.3472222222222222
0,0.5046875,0.5097222222222222,0.1953125,0.3472222222222222
0,0.8703125,0.55,0.1953125,0.3472222222222222
0,0.246875,0.42916666666666664,0.1953125,0.3472222222222222
0,0.6984375,0.40694444444444444,0.1953125,0.3472222222222222
