idx,x,y,width,height
0,0.79375,0.9972222222222222,0.1953125,0.3472222222222222
0,0.75625,0.8361111111111111,0.1953125,0.3472222222222222
0,0.22421875,0.8194444444444444,0.1953125,0.3472222222222222
0,0.424609375,0.8152777777777778,0.1953125,0.3472222222222222
0,0.6171875,0.7986111111111112,0.1953125,0.3472222222222222
0,0.26171875,0.8375,0.1953125,0.3472222222222222
0,0.328125,0.8361111111111111,0.1953125,0.3472222222222222
0,0.91640625,0.7944444444444444,0.1953125,0.3472222222222222
0,0.88046875,0.7972222222222223,0.1953125,0.3472222222222222
