idx,x,y,width,height
0,0.55078125,0.5819444444444445,0.1953125,0.3472222222222222
0,0.43515625,0.5236111111111111,0.1953125,0.3472222222222222
0,0.1015625,0.5986111111111111,0.1953125,0.3472222222222222
0,0.12421875,0.5902777777777778,0.1953125,0.3472222222222222
0,0.43828125,0.5569444444444445,0.1953125,0.3472222222222222
0,0.196875,0.5583333333333333,0.1953125,0.3472222222222222
0,0.4765625,0.5569444444444445,0.1953125,0.3472222222222222
0,0.803125,0.6,0.1953125,0.3472222222222222
0,0.7140625,0.7347222222222223,0.1953125,0.3472222222222222
