idx,x,y,width,height
0,0.3265625,0.6305555555555555,0.1953125,0.3472222222222222
0,0.47734375,0.7013888888888888,0.1953125,0.3472222222222222
0,0.55546875,0.6875,0.1953125,0.3472222222222222
0,0.41484375,0.7708333333333334,0.1953125,0.3472222222222222
0,0.84609375,0.9277777777777778,0.1953125,0.3472222222222222
0,0.88515625,0.9416666666666667,0.1953125,0.3472222222222222
0,0.8109375,0.9194444444444444,0.1953125,0.3472222222222222
0,0.92890625,0.9541666666666667,0.1953125,0.3472222222222222
0,0.98359375,0.9708333333333333,0.1953125,0.3472222222222222
