idx,x,y,width,height
0,0.58515625,0.6263888888888889,0.1953125,0.3472222222222222
0,0.35703125,0.6152777777777778,0.1953125,0.3472222222222222
0,0.3765625,0.5805555555555556,0.1953125,0.3472222222222222
0,0.565625,0.6125,0.1953125,0.3472222222222222
0,0.040625,0.6388888888888888,0.1953125,0.3472222222222222
0,0.7359375,0.47638888888888886,0.1953125,0.3472222222222222
0,0.65078125,0.3625,0.1953125,0.3472222222222222
0,0.73125,0.5666666666666667,0.1953125,0.3472222222222222
0,0.471875,0.5902777777777778,0.1953125,0.3472222222222222
