idx,x,y,width,height
0,0.0296875,0.3902777777777778,0.1953125,0.3472222222222222
0,0.3703125,0.4222222222222222,0.1953125,0.3472222222222222
0,0.55625,0.5638888888888889,0.1953125,0.3472222222222222
0,0.61328125,0.5902777777777778,0.1953125,0.3472222222222222
0,0.5125,0.5555555555555556,0.1953125,0.3472222222222222
0,0.236328125,0.5763888888888888,0.1953125,0.3472222222222222
0,0.12265625,0.5736111111111111,0.1953125,0.3472222222222222
0,0.015625,0.14027777777777778,0.1953125,0.3472222222222222
0,0.471875,0.38472222222222224,0.1953125,0.3472222222222222
