idx,x,y,width,height
0,0.903515625,0.575,0.1953125,0.3472222222222222
0,0.616796875,0.5902777777777778,0.1953125,0.3472222222222222
0,0.940625,0.6152777777777778,0.1953125,0.3472222222222222
0,0.65546875,0.5958333333333333,0.1953125,0.3472222222222222
0,0.7953125,0.41944444444444445,0.1953125,0.3472222222222222
0,0.9015625,0.42083333333333334,0.1953125,0.3472222222222222
0,0.840625,0.4305555555555556,0.1953125,0.3472222222222222
0,0.5703125,0.5694444444444444,0.1953125,0.3472222222222222
0,0.728125,0.5666666666666667,0.1953125,0.3472222222222222
