idx,x,y,width,height
0,0.7046875,0.5652777777777778,0.1953125,0.3472222222222222
0,0.5671875,0.525,0.1953125,0.3472222222222222
0,0.60859375,0.6236111111111111,0.1953125,0.3472222222222222
0,0.253125,0.6333333333333333,0.1953125,0.3472222222222222
0,0.10859375,0.6347222222222222,0.1953125,0.3472222222222222
0,0.64765625,0.5708333333333333,0.1953125,0.3472222222222222
0,0.29453125,0.42777777777777776,0.1953125,0.3472222222222222
0,0.6328125,0.5930555555555556,0.1953125,0.3472222222222222
0,0.29375,0.6236111111111111,0.1953125,0.3472222222222222
