idx,x,y,width,height
0,0.1234375,0.6805555555555556,0.1953125,0.3472222222222222
0,0.7765625,0.5930555555555556,0.1953125,0.3472222222222222
0,0.06640625,0.6805555555555556,0.1953125,0.3472222222222222
0,0.09375,0.6055555555555555,0.1953125,0.3472222222222222
0,0.0265625,0.6152777777777778,0.1953125,0.3472222222222222
0,0.0078125,0.6152777777777778,0.1953125,0.3472222222222222
0,0.2078125,0.6680555555555555,0.1953125,0.3472222222222222
0,0.5046875,0.5736111111111111,0.1953125,0.3472222222222222
0,0.04140625,0.6111111111111112,0.1953125,0.3472222222222222
