idx,x,y,width,height
0,0.6078125,0.4166666666666667,0.1953125,0.3472222222222222
0,0.2796875,0.37916666666666665,0.1953125,0.3472222222222222
0,0.97109375,0.41944444444444445,0.1953125,0.3472222222222222
0,0.0484375,0.4083333333333333,0.1953125,0.3472222222222222
0,0.89609375,0.3597222222222222,0.1953125,0.3472222222222222
0,0.084375,0.3597222222222222,0.1953125,0.3472222222222222
0,0.22578125,0.36666666666666664,0.1953125,0.3472222222222222
0,0.3109375,0.4263888888888889,0.1953125,0.3472222222222222
0,0.3515625,0.39861111111111114,0.1953125,0.3472222222222222
