idx,x,y,width,height
0,0.30078125,0.6222222222222222,0.1953125,0.3472222222222222
0,0.028125,0.5888888888888889,0.1953125,0.3472222222222222
0,0.53203125,0.3861111111111111,0.1953125,0.3472222222222222
0,0.09609375,0.5888888888888889,0.1953125,0.3472222222222222
0,0.2171875,0.6347222222222222,0.1953125,0.3472222222222222
0,0.24140625,0.6388888888888888,0.1953125,0.3472222222222222
0,0.26953125,0.6222222222222222,0.1953125,0.3472222222222222
0,0.2515625,0.6236111111111111,0.1953125,0.3472222222222222
0,0.59609375,0.6069444444444444,0.1953125,0.3472222222222222
