idx,x,y,width,height
0,0.05390625,0.5555555555555556,0.1953125,0.3472222222222222
0,0.4921875,0.47638888888888886,0.1953125,0.3472222222222222
0,0.530078125,0.5527777777777778,0.1953125,0.3472222222222222
0,0.303515625,0.5138888888888888,0.1953125,0.3472222222222222
0,0.2984375,0.5097222222222222,0.1953125,0.3472222222222222
0,0.6671875,0.6097222222222223,0.1953125,0.3472222222222222
0,0.15390625,0.43472222222222223,0.1953125,0.3472222222222222
0,0.19375,0.4986111111111111,0.1953125,0.3472222222222222
0,0.41640625,0.47638888888888886,0.1953125,0.3472222222222222
