idx,x,y,width,height
0,0.025,0.6472222222222223,0.1953125,0.3472222222222222
0,0.9421875,0.18611111111111112,0.1953125,0.3472222222222222
0,0.978125,0.6611111111111111,0.1953125,0.3472222222222222
0,0.21328125,0.5041666666666667,0.1953125,0.3472222222222222
0,0.5875,0.5361111111111111,0.1953125,0.3472222222222222
0,0.63125,0.5430555555555555,0.1953125,0.3472222222222222
0,0.73984375,0.5777777777777777,0.1953125,0.3472222222222222
0,0.7171875,0.5708333333333333,0.1953125,0.3472222222222222
0,0.81640625,0.6055555555555555,0.1953125,0.3472222222222222
