idx,x,y,width,height
0,0.15,0.5208333333333334,0.1953125,0.3472222222222222
0,0.41171875,0.48333333333333334,0.1953125,0.3472222222222222
0,0.46015625,0.44166666666666665,0.1953125,0.3472222222222222
0,0.31875,0.49027777777777776,0.1953125,0.3472222222222222
0,0.0140625,0.44305555555555554,0.1953125,0.3472222222222222
0,0.17578125,0.45416666666666666,0.1953125,0.3472222222222222
0,0.453125,0.45416666666666666,0.1953125,0.3472222222222222
0,0.22890625,0.4791666666666667,0.1953125,0.3472222222222222
0,0.36953125,0.5847222222222223,0.1953125,0.3472222222222222
