idx,x,y,width,height
0,0.104296875,0.46805555555555556,0.1953125,0.3472222222222222
0,0.23046875,0.46805555555555556,0.1953125,0.3472222222222222
0,0.156640625,0.4486111111111111,0.1953125,0.3472222222222222
0,0.2078125,0.4625,0.1953125,0.3472222222222222
0,0.06640625,0.4486111111111111,0.1953125,0.3472222222222222
0,0.14375,0.4513888888888889,0.1953125,0.3472222222222222
0,0.041015625,0.4847222222222222,0.1953125,0.3472222222222222
0,0.4171875,0.3388888888888889,0.1953125,0.3472222222222222
0,0.253125,0.4722222222222222,0.1953125,0.3472222222222222
