idx,x,y,width,height
0,0.2625,0.4861111111111111,0.1953125,0.3472222222222222
0,0.8390625,0.5305555555555556,0.1953125,0.3472222222222222
0,0.75703125,0.4444444444444444,0.1953125,0.3472222222222222
0,0.4453125,0.38472222222222224,0.1953125,0.3472222222222222
0,0.87421875,0.4305555555555556,0.1953125,0.3472222222222222
0,0.940625,0.5708333333333333,0.1953125,0.3472222222222222
0,0.61953125,0.42916666666666664,0.1953125,0.3472222222222222
0,0.1609375,0.36527777777777776,0.1953125,0.3472222222222222
0,0.14453125,0.35555555555555557,0.1953125,0.3472222222222222
