idx,x,y,width,height
0,0.5484375,0.5152777777777777,0.1953125,0.3472222222222222
0,0.2125,0.48194444444444445,0.1953125,0.3472222222222222
0,0.7421875,0.6152777777777778,0.1953125,0.3472222222222222
0,0.63359375,0.4097222222222222,0.1953125,0.3472222222222222
0,0.3140625,0.4597222222222222,0.1953125,0.3472222222222222
0,0.34609375,0.45694444444444443,0.1953125,0.3472222222222222
0,0.72578125,0.5180555555555556,0.1953125,0.3472222222222222
0,0.603125,0.49027777777777776,0.1953125,0.3472222222222222
0,0.6203125,0.49027777777777776,0.1953125,0.3472222222222222
