idx,x,y,width,height
0,0.315625,0.6166666666666667,0.1953125,0.3472222222222222
0,0.6765625,0.4708333333333333,0.1953125,0.3472222222222222
0,0.9125,0.6055555555555555,0.1953125,0.3472222222222222
0,0.346875,0.1986111111111111,0.1953125,0.3472222222222222
0,0.47265625,0.2722222222222222,0.1953125,0.3472222222222222
0,0.3671875,0.3888888888888889,0.1953125,0.3472222222222222
0,0.39609375,0.4847222222222222,0.1953125,0.3472222222222222
0,0.40703125,0.41805555555555557,0.1953125,0.3472222222222222
0,0.71640625,0.6055555555555555,0.1953125,0.3472222222222222
