idx,x,y,width,height
0,0.57421875,0.6541666666666667,0.1953125,0.3472222222222222
0,0.327734375,0.5319444444444444,0.1953125,0.3472222222222222
0,0.2640625,0.675,0.1953125,0.3472222222222222
0,0.41796875,0.575,0.1953125,0.3472222222222222
0,0.0296875,0.43194444444444446,0.1953125,0.3472222222222222
0,0.04453125,0.25972222222222224,0.1953125,0.3472222222222222
0,0.57109375,0.6111111111111112,0.1953125,0.3472222222222222
0,0.1484375,0.4388888888888889,0.1953125,0.3472222222222222
0,0.5546875,0.6527777777777778,0.1953125,0.3472222222222222
