idx,x,y,width,height
0,0.9484375,0.6555555555555556,0.1953125,0.3472222222222222
0,0.696875,0.6305555555555555,0.1953125,0.3472222222222222
0,0.11171875,0.6444444444444445,0.1953125,0.3472222222222222
0,0.43828125,0.5986111111111111,0.1953125,0.3472222222222222
0,0.559765625,0.5930555555555556,0.1953125,0.3472222222222222
0,0.05390625,0.6527777777777778,0.1953125,0.3472222222222222
0,0.713671875,0.6319444444444444,0.1953125,0.3472222222222222
0,0.74453125,0.6305555555555555,0.1953125,0.3472222222222222
0,0.603125,0.6208333333333333,0.1953125,0.3472222222222222
