idx,x,y,width,height
0,0.19921875,0.5111111111111111,0.1953125,0.3472222222222222
0,0.57421875,0.5375,0.1953125,0.3472222222222222
0,0.5125,0.4861111111111111,0.1953125,0.3472222222222222
0,0.49140625,0.5041666666666667,0.1953125,0.3472222222222222
0,0.78515625,0.5277777777777778,0.1953125,0.3472222222222222
0,0.70390625,0.5319444444444444,0.1953125,0.3472222222222222
0,0.28828125,0.39861111111111114,0.1953125,0.3472222222222222
0,0.678125,0.5222222222222223,0.1953125,0.3472222222222222
0,0.646875,0.5208333333333334,0.1953125,0.3472222222222222
