idx,x,y,width,height
0,0.85859375,0.6194444444444445,0.1953125,0.3472222222222222
0,0.5609375,0.49583333333333335,0.1953125,0.3472222222222222
0,0.17421875,0.4666666666666667,0.1953125,0.3472222222222222
0,0.66484375,0.42916666666666664,0.1953125,0.3472222222222222
0,0.0484375,0.30833333333333335,0.1953125,0.3472222222222222
0,0.60078125,0.42916666666666664,0.1953125,0.3472222222222222
0,0.5140625,0.42777777777777776,0.1953125,0.3472222222222222
0,0.478125,0.42916666666666664,0.1953125,0.3472222222222222
0,0.4453125,0.42083333333333334,0.1953125,0.3472222222222222
