idx,x,y,width,height
0,0.74140625,0.5166666666666667,0.1953125,0.3472222222222222
0,0.13515625,0.44166666666666665,0.1953125,0.3472222222222222
0,0.8828125,0.5333333333333333,0.1953125,0.3472222222222222
0,0.2359375,0.4708333333333333,0.1953125,0.3472222222222222
0,0.685546875,0.5194444444444445,0.1953125,0.3472222222222222
0,0.019140625,0.5152777777777777,0.1953125,0.3472222222222222
0,0.08671875,0.30833333333333335,0.1953125,0.3472222222222222
0,0.78828125,0.5305555555555556,0.1953125,0.3472222222222222
0,0.25703125,0.48055555555555557,0.1953125,0.3472222222222222
