idx,x,y,width,height
0,0.5296875,0.5361111111111111,0.1953125,0.3472222222222222
0,0.20390625,0.6194444444444445,0.1953125,0.3472222222222222
0,0.578515625,0.5277777777777778,0.1953125,0.3472222222222222
0,0.6140625,0.19305555555555556,0.1953125,0.3472222222222222
0,0.615625,0.2611111111111111,0.1953125,0.3472222222222222
0,0.6171875,0.6208333333333333,0.1953125,0.3472222222222222
0,0.3859375,0.48333333333333334,0.1953125,0.3472222222222222
0,0.8171875,0.6361111111111111,0.1953125,0.3472222222222222
0,0.24140625,0.6055555555555555,0.1953125,0.3472222222222222
