idx,x,y,width,height
0,0.915234375,0.20277777777777778,0.1953125,0.3472222222222222
0,0.74765625,0.6277777777777778,0.1953125,0.3472222222222222
0,0.10703125,0.5875,0.1953125,0.3472222222222222
0,0.23359375,0.47638888888888886,0.1953125,0.3472222222222222
0,0.08125,0.48055555555555557,0.1953125,0.3472222222222222
0,0.3046875,0.49722222222222223,0.1953125,0.3472222222222222
0,0.5609375,0.4444444444444444,0.1953125,0.3472222222222222
0,0.87421875,0.6722222222222223,0.1953125,0.3472222222222222
0,0.15390625,0.39861111111111114,0.1953125,0.3472222222222222
