idx,x,y,width,height
0,0.13671875,0.5194444444444445,0.1953125,0.3472222222222222
0,0.175,0.5833333333333334,0.1953125,0.3472222222222222
0,0.1125,0.5291666666666667,0.1953125,0.3472222222222222
0,0.365625,0.5166666666666667,0.1953125,0.3472222222222222
0,0.02109375,0.5055555555555555,0.1953125,0.3472222222222222
0,0.44296875,0.45,0.1953125,0.3472222222222222
0,0.4015625,0.46805555555555556,0.1953125,0.3472222222222222
0,0.50390625,0.5027777777777778,0.1953125,0.3472222222222222
0,0.296875,0.5194444444444445,0.1953125,0.3472222222222222
