idx,x,y,width,height
0,0.2546875,0.5861111111111111,0.1953125,0.3472222222222222
0,0.8984375,0.6291666666666667,0.1953125,0.3472222222222222
0,0.72578125,0.6055555555555555,0.1953125,0.3472222222222222
0,0.5515625,0.49166666666666664,0.1953125,0.3472222222222222
0,0.19609375,0.5347222222222222,0.1953125,0.3472222222222222
0,0.36796875,0.5263888888888889,0.1953125,0.3472222222222222
0,0.778125,0.5375,0.1953125,0.3472222222222222
0,0.2828125,0.5861111111111111,0.1953125,0.3472222222222222
0,0.83671875,0.6194444444444445,0.1953125,0.3472222222222222
