idx,x,y,width,height
0,0.10546875,0.47638888888888886,0.1953125,0.3472222222222222
0,0.53046875,0.5013888888888889,0.1953125,0.3472222222222222
0,0.7796875,0.5513888888888889,0.1953125,0.3472222222222222
0,0.398046875,0.45416666666666666,0.1953125,0.3472222222222222
0,0.69296875,0.5277777777777778,0.1953125,0.3472222222222222
0,0.18671875,0.46805555555555556,0.1953125,0.3472222222222222
0,0.62265625,0.5236111111111111,0.1953125,0.3472222222222222
0,0.89453125,0.5736111111111111,0.1953125,0.3472222222222222
0,0.81640625,0.17222222222222222,0.1953125,0.3472222222222222
