idx,x,y,width,height
0,0.82265625,0.45694444444444443,0.1953125,0.3472222222222222
0,0.6828125,0.5902777777777778,0.1953125,0.3472222222222222
0,0.26484375,0.5388888888888889,0.1953125,0.3472222222222222
0,0.91328125,0.5083333333333333,0.1953125,0.3472222222222222
0,0.534375,0.4875,0.1953125,0.3472222222222222
0,0.04296875,0.5375,0.1953125,0.3472222222222222
0,0.83828125,0.45416666666666666,0.1953125,0.3472222222222222
0,0.63671875,0.425,0.1953125,0.3472222222222222
0,0.584375,0.5138888888888888,0.1953125,0.3472222222222222
