idx,x,y,width,height
0,0.5921875,0.7361111111111112,0.1953125,0.3472222222222222
0,0.69921875,0.7833333333333333,0.1953125,0.3472222222222222
0,0.77890625,0.8236111111111111,0.1953125,0.3472222222222222
0,0.12578125,0.7763888888888889,0.1953125,0.3472222222222222
0,0.234375,0.7375,0.1953125,0.3472222222222222
0,0.47890625,0.49583333333333335,0.1953125,0.3472222222222222
0,0.5296875,0.6625,0.1953125,0.3472222222222222
0,0.88828125,0.3,0.1953125,0.3472222222222222
0,0.177734375,0.4930555555555556,0.1953125,0.3472222222222222
