idx,x,y,width,height
0,0.90546875,0.675,0.1953125,0.3472222222222222
0,0.59375,0.5541666666666667,0.1953125,0.3472222222222222
0,0.2359375,0.5486111111111112,0.1953125,0.3472222222222222
0,0.33828125,0.5555555555555556,0.1953125,0.3472222222222222
0,0.0984375,0.5430555555555555,0.1953125,0.3472222222222222
0,0.57734375,0.5180555555555556,0.1953125,0.3472222222222222
0,0.30546875,0.5527777777777778,0.1953125,0.3472222222222222
0,0.72578125,0.5583333333333333,0.1953125,0.3472222222222222
0,0.55234375,0.4875,0.1953125,0.3472222222222222
