idx,x,y,width,height
0,0.040625,0.3597222222222222,0.1953125,0.3472222222222222
0,0.2734375,0.5513888888888889,0.1953125,0.3472222222222222
0,0.39609375,0.41388888888888886,0.1953125,0.3472222222222222
0,0.26640625,0.2763888888888889,0.1953125,0.3472222222222222
0,0.42734375,0.3375,0.1953125,0.3472222222222222
0,0.58359375,0.35833333333333334,0.1953125,0.3472222222222222
0,0.41328125,0.4,0.1953125,0.3472222222222222
0,0.435546875,0.42777777777777776,0.1953125,0.3472222222222222
0,0.571875,0.46805555555555556,0.1953125,0.3472222222222222
