idx,x,y,width,height
0,0.884375,0.5152777777777777,0.1953125,0.3472222222222222
0,0.6765625,0.4986111111111111,0.1953125,0.3472222222222222
0,0.7734375,0.4652777777777778,0.1953125,0.3472222222222222
0,0.2328125,0.5833333333333334,0.1953125,0.3472222222222222
0,0.8078125,0.3902777777777778,0.1953125,0.3472222222222222
0,0.38984375,0.4986111111111111,0.1953125,0.3472222222222222
0,0.90625,0.48194444444444445,0.1953125,0.3472222222222222
0,0.41171875,0.4013888888888889,0.1953125,0.3472222222222222
0,0.43359375,0.4222222222222222,0.1953125,0.3472222222222222
