idx,x,y,width,height
0,0.1515625,0.6652777777777777,0.1953125,0.3472222222222222
0,0.5359375,0.6527777777777778,0.1953125,0.3472222222222222
0,0.17734375,0.6,0.1953125,0.3472222222222222
0,0.9703125,0.6722222222222223,0.1953125,0.3472222222222222
0,0.74609375,0.6777777777777778,0.1953125,0.3472222222222222
0,0.125,0.33611111111111114,0.1953125,0.3472222222222222
0,0.9140625,0.8291666666666667,0.1953125,0.3472222222222222
0,0.10859375,0.6722222222222223,0.1953125,0.3472222222222222
0,0.6,0.6777777777777778,0.1953125,0.3472222222222222
