idx,x,y,width,height
0,0.8796875,0.8,0.1953125,0.3472222222222222
0,0.25859375,0.6347222222222222,0.1953125,0.3472222222222222
0,0.7703125,0.6875,0.1953125,0.3472222222222222
0,0.0828125,0.6444444444444445,0.1953125,0.3472222222222222
0,0.584375,0.5902777777777778,0.1953125,0.3472222222222222
0,0.7046875,0.6208333333333333,0.1953125,0.3472222222222222
0,0.34453125,0.6319444444444444,0.1953125,0.3472222222222222
0,0.196875,0.6402777777777777,0.1953125,0.3472222222222222
0,0.38984375,0.6208333333333333,0.1953125,0.3472222222222222
