idx,x,y,width,height
0,0.69296875,0.5055555555555555,0.1953125,0.3472222222222222
0,0.22421875,0.5138888888888888,0.1953125,0.3472222222222222
0,0.18515625,0.5083333333333333,0.1953125,0.3472222222222222
0,0.06953125,0.5222222222222223,0.1953125,0.3472222222222222
0,0.64609375,0.49027777777777776,0.1953125,0.3472222222222222
0,0.31953125,0.5027777777777778,0.1953125,0.3472222222222222
0,0.19375,0.5083333333333333,0.1953125,0.3472222222222222
0,0.2859375,0.5041666666666667,0.1953125,0.3472222222222222
0,0.3578125,0.5013888888888889,0.1953125,0.3472222222222222
