idx,x,y,width,height
0,0.639453125,0.4986111111111111,0.1953125,0.3472222222222222
0,0.71796875,0.6222222222222222,0.1953125,0.3472222222222222
0,0.15859375,0.48055555555555557,0.1953125,0.3472222222222222
0,0.4578125,0.4736111111111111,0.1953125,0.3472222222222222
0,0.2609375,0.4305555555555556,0.1953125,0.3472222222222222
0,0.65625,0.49444444444444446,0.1953125,0.3472222222222222
0,0.38359375,0.45416666666666666,0.1953125,0.3472222222222222
0,0.7765625,0.48333333333333334,0.1953125,0.3472222222222222
0,0.7453125,0.4847222222222222,0.1953125,0.3472222222222222
