idx,x,y,width,height
0,0.01875,0.55,0.1953125,0.3472222222222222
0,0.490234375,0.4638888888888889,0.1953125,0.3472222222222222
0,0.63828125,0.5236111111111111,0.1953125,0.3472222222222222
0,0.21640625,0.27361111111111114,0.1953125,0.3472222222222222
0,0.66953125,0.5222222222222223,0.1953125,0.3472222222222222
0,0.19453125,0.5180555555555556,0.1953125,0.3472222222222222
0,0.6328125,0.2652777777777778,0.1953125,0.3472222222222222
0,0.88359375,0.6833333333333333,0.1953125,0.3472222222222222
0,0.6984375,0.5736111111111111,0.1953125,0.3472222222222222
