idx,x,y,width,height
0,0.53125,0.6375,0.1953125,0.3472222222222222
0,0.0640625,0.7,0.1953125,0.3472222222222222
0,0.68984375,0.7333333333333333,0.1953125,0.3472222222222222
0,0.78125,0.24722222222222223,0.1953125,0.3472222222222222
0,0.05625,0.425,0.1953125,0.3472222222222222
0,0.78984375,0.6805555555555556,0.1953125,0.3472222222222222
0,0.73359375,0.6125,0.1953125,0.3472222222222222
0,0.89609375,0.8555555555555555,0.1953125,0.3472222222222222
0,0.2296875,0.6611111111111111,0.1953125,0.3472222222222222
