idx,x,y,width,height
0,0.140625,0.4305555555555556,0.1953125,0.3472222222222222
0,0.5265625,0.43472222222222223,0.1953125,0.3472222222222222
0,0.24921875,0.40694444444444444,0.1953125,0.3472222222222222
0,0.246875,0.5430555555555555,0.1953125,0.3472222222222222
0,0.790625,0.4652777777777778,0.1953125,0.3472222222222222
0,0.9515625,0.5833333333333334,0.1953125,0.3472222222222222
0,0.175,0.6125,0.1953125,0.3472222222222222
0,0.21171875,0.5541666666666667,0.1953125,0.3472222222222222
0,0.8234375,0.5486111111111112,0.1953125,0.3472222222222222
