idx,x,y,width,height
0,0.7046875,0.7333333333333333,0.1953125,0.3472222222222222
0,0.546484375,0.35694444444444445,0.1953125,0.3472222222222222
0,0.10078125,0.5986111111111111,0.1953125,0.3472222222222222
0,0.1234375,0.5888888888888889,0.1953125,0.3472222222222222
0,0.58515625,0.5402777777777777,0.1953125,0.3472222222222222
0,0.434375,0.5569444444444445,0.1953125,0.3472222222222222
0,0.40390625,0.2569444444444444,0.1953125,0.3472222222222222
0,0.1953125,0.5611111111111111,0.1953125,0.3472222222222222
0,0.55078125,0.5819444444444445,0.1953125,0.3472222222222222
