idx,x,y,width,height
0,0.66015625,0.4444444444444444,0.1953125,0.3472222222222222
0,0.01875,0.5958333333333333,0.1953125,0.3472222222222222
0,0.496875,0.5597222222222222,0.1953125,0.3472222222222222
0,0.7375,0.5805555555555556,0.1953125,0.3472222222222222
0,0.82109375,0.6777777777777778,0.1953125,0.3472222222222222
0,0.55859375,0.6097222222222223,0.1953125,0.3472222222222222
0,0.09609375,0.5583333333333333,0.1953125,0.3472222222222222
0,0.37109375,0.5930555555555556,0.1953125,0.3472222222222222
0,0.6546875,0.6597222222222222,0.1953125,0.3472222222222222
