idx,x,y,width,height
0,0.60078125,0.29305555555555557,0.1953125,0.3472222222222222
0,0.70703125,0.45416666666666666,0.1953125,0.3472222222222222
0,0.68359375,0.33055555555555555,0.1953125,0.3472222222222222
0,0.26875,0.4375,0.1953125,0.3472222222222222
0,0.18359375,0.44722222222222224,0.1953125,0.3472222222222222
0,0.948046875,0.36666666666666664,0.1953125,0.3472222222222222
0,0.40625,0.42777777777777776,0.1953125,0.3472222222222222
0,0.0078125,0.44722222222222224,0.1953125,0.3472222222222222
0,0.05859375,0.4486111111111111,0.1953125,0.3472222222222222
