idx,x,y,width,height
0,0.05078125,0.7055555555555556,0.1953125,0.3472222222222222
0,0.29453125,0.6388888888888888,0.1953125,0.3472222222222222
0,0.56328125,0.6541666666666667,0.1953125,0.3472222222222222
0,0.43125,0.6486111111111111,0.1953125,0.3472222222222222
0,0.034375,0.7097222222222223,0.1953125,0.3472222222222222
0,0.596875,0.6805555555555556,0.1953125,0.3472222222222222
0,0.2375,0.675,0.1953125,0.3472222222222222
0,0.3171875,0.6319444444444444,0.1953125,0.3472222222222222
0,0.62890625,0.6930555555555555,0.1953125,0.3472222222222222
