idx,x,y,width,height
0,0.334375,0.55,0.1953125,0.3472222222222222
0,0.81796875,0.5777777777777777,0.1953125,0.3472222222222222
0,0.7015625,0.525,0.1953125,0.3472222222222222
0,0.78515625,0.5569444444444445,0.1953125,0.3472222222222222
0,0.73515625,0.5541666666666667,0.1953125,0.3472222222222222
0,0.6796875,0.4861111111111111,0.1953125,0.3472222222222222
0,0.7796875,0.2263888888888889,0.1953125,0.3472222222222222
0,0.22578125,0.5236111111111111,0.1953125,0.3472222222222222
0,0.54140625,0.5763888888888888,0.1953125,0.3472222222222222
