idx,x,y,width,height
0,0.36796875,0.575,0.1953125,0.3472222222222222
0,0.78359375,0.5652777777777778,0.1953125,0.3472222222222222
0,0.6765625,0.5375,0.1953125,0.3472222222222222
0,0.0515625,0.5888888888888889,0.1953125,0.3472222222222222
0,0.212109375,0.5819444444444445,0.1953125,0.3472222222222222
0,0.9296875,0.5736111111111111,0.1953125,0.3472222222222222
0,0.492578125,0.5625,0.1953125,0.3472222222222222
0,0.40234375,0.5666666666666667,0.1953125,0.3472222222222222
0,0.61171875,0.5111111111111111,0.1953125,0.3472222222222222
