idx,x,y,width,height
0,0.13125,0.3819444444444444,0.1953125,0.3472222222222222
0,0.453125,0.28055555555555556,0.1953125,0.3472222222222222
0,0.5140625,0.37777777777777777,0.1953125,0.3472222222222222
0,0.9390625,0.3013888888888889,0.1953125,0.3472222222222222
0,0.79140625,0.39166666666666666,0.1953125,0.3472222222222222
0,0.80703125,0.38472222222222224,0.1953125,0.3472222222222222
0,0.89921875,0.42916666666666664,0.1953125,0.3472222222222222
0,0.81953125,0.4236111111111111,0.1953125,0.3472222222222222
0,0.92109375,0.45555555555555555,0.1953125,0.3472222222222222
