idx,x,y,width,height
0,0.55703125,0.4486111111111111,0.1953125,0.3472222222222222
0,0.8859375,0.5666666666666667,0.1953125,0.3472222222222222
0,0.384375,0.5027777777777778,0.1953125,0.3472222222222222
0,0.1359375,0.5055555555555555,0.1953125,0.3472222222222222
0,0.83515625,0.5569444444444445,0.1953125,0.3472222222222222
0,0.74140625,0.48333333333333334,0.1953125,0.3472222222222222
0,0.78515625,0.5,0.1953125,0.3472222222222222
0,0.8578125,0.46805555555555556,0.1953125,0.3472222222222222
0,0.53515625,0.44722222222222224,0.1953125,0.3472222222222222
