idx,x,y,width,height
0,0.75078125,0.4666666666666667,0.1953125,0.3472222222222222
0,0.5375,0.4013888888888889,0.1953125,0.3472222222222222
0,0.069921875,0.24722222222222223,0.1953125,0.3472222222222222
0,0.8125,0.37083333333333335,0.1953125,0.3472222222222222
0,0.38828125,0.3277777777777778,0.1953125,0.3472222222222222
0,0.93671875,0.3861111111111111,0.1953125,0.3472222222222222
0,0.81875,0.23333333333333334,0.1953125,0.3472222222222222
0,0.5390625,0.28194444444444444,0.1953125,0.3472222222222222
0,0.53984375,0.2972222222222222,0.1953125,0.3472222222222222
