idx,x,y,width,height
0,0.95,0.4722222222222222,0.1953125,0.3472222222222222
0,0.8390625,0.5194444444444445,0.1953125,0.3472222222222222
0,0.1859375,0.33194444444444443,0.1953125,0.3472222222222222
0,0.62890625,0.6,0.1953125,0.3472222222222222
0,0.81015625,0.5347222222222222,0.1953125,0.3472222222222222
0,0.1890625,0.6069444444444444,0.1953125,0.3472222222222222
0,0.346875,0.65,0.1953125,0.3472222222222222
0,0.08203125,0.7305555555555555,0.1953125,0.3472222222222222
0,0.0390625,0.7430555555555556,0.1953125,0.3472222222222222
