idx,x,y,width,height
0,0.0,0.6138888888888889,0.1953125,0.3472222222222222
0,0.915625,0.5166666666666667,0.1953125,0.3472222222222222
0,0.15703125,0.5527777777777778,0.1953125,0.3472222222222222
0,0.2984375,0.5194444444444445,0.1953125,0.3472222222222222
0,0.371875,0.49444444444444446,0.1953125,0.3472222222222222
0,0.56640625,0.4375,0.1953125,0.3472222222222222
0,0.33125,0.40555555555555556,0.1953125,0.3472222222222222
0,0.6921875,0.5291666666666667,0.1953125,0.3472222222222222
0,0.31171875,0.5041666666666667,0.1953125,0.3472222222222222
