idx,x,y,width,height
0,0.015625,0.5944444444444444,0.1953125,0.3472222222222222
0,0.76328125,0.4625,0.1953125,0.3472222222222222
0,0.63203125,0.5125,0.1953125,0.3472222222222222
0,0.73515625,0.4625,0.1953125,0.3472222222222222
0,0.2,0.4986111111111111,0.1953125,0.3472222222222222
0,0.8484375,0.4861111111111111,0.1953125,0.3472222222222222
0,0.134375,0.5125,0.1953125,0.3472222222222222
0,0.56875,0.49722222222222223,0.1953125,0.3472222222222222
0,0.459375,0.47638888888888886,0.1953125,0.3472222222222222
