idx,x,y,width,height
0,0.79765625,0.5013888888888889,0.1953125,0.3472222222222222
0,0.2421875,0.20972222222222223,0.1953125,0.3472222222222222
0,0.36484375,0.3458333333333333,0.1953125,0.3472222222222222
0,0.559375,0.30972222222222223,0.1953125,0.3472222222222222
0,0.24140625,0.3416666666666667,0.1953125,0.3472222222222222
0,0.725,0.3125,0.1953125,0.3472222222222222
0,0.1203125,0.3819444444444444,0.1953125,0.3472222222222222
0,0.29140625,0.39166666666666666,0.1953125,0.3472222222222222
0,0.48671875,0.9986111111111111,0.1953125,0.3472222222222222
