idx,x,y,width,height
0,0.60625,0.45416666666666666,0.1953125,0.3472222222222222
0,0.309375,0.30277777777777776,0.1953125,0.3472222222222222
0,0.5234375,0.2791666666666667,0.1953125,0.3472222222222222
0,0.725,0.4625,0.1953125,0.3472222222222222
0,0.021875,0.09444444444444444,0.1953125,0.3472222222222222
0,0.559375,0.18333333333333332,0.1953125,0.3472222222222222
0,0.38828125,0.34444444444444444,0.1953125,0.3472222222222222
0,0.3484375,0.31805555555555554,0.1953125,0.3472222222222222
0,0.55546875,0.4097222222222222,0.1953125,0.3472222222222222
