idx,x,y,width,height
0,0.04296875,0.2763888888888889,0.1953125,0.3472222222222222
0,0.297265625,0.4861111111111111,0.1953125,0.3472222222222222
0,0.778125,0.5361111111111111,0.1953125,0.3472222222222222
0,0.72421875,0.5319444444444444,0.1953125,0.3472222222222222
0,0.69453125,0.5333333333333333,0.1953125,0.3472222222222222
0,0.778125,0.28888888888888886,0.1953125,0.3472222222222222
0,0.175,0.5847222222222223,0.1953125,0.3472222222222222
0,0.58515625,0.5027777777777778,0.1953125,0.3472222222222222
0,0.54609375,0.39166666666666666,0.1953125,0.3472222222222222
