idx,x,y,width,height
0,0.28515625,0.4666666666666667,0.1953125,0.3472222222222222
0,0.675,0.5930555555555556,0.1953125,0.3472222222222222
0,0.83203125,0.49027777777777776,0.1953125,0.3472222222222222
0,0.09765625,0.1736111111111111,0.1953125,0.3472222222222222
0,0.3265625,0.4625,0.1953125,0.3472222222222222
0,0.315625,0.4625,0.1953125,0.3472222222222222
0,0.08984375,0.5805555555555556,0.1953125,0.3472222222222222
0,0.45390625,0.35833333333333334,0.1953125,0.3472222222222222
0,0.63671875,0.5736111111111111,0.1953125,0.3472222222222222
