idx,x,y,width,height
0,0.07734375,0.6777777777777778,0.1953125,0.3472222222222222
0,0.787109375,0.6291666666666667,0.1953125,0.3472222222222222
0,0.9890625,0.5430555555555555,0.1953125,0.3472222222222222
0,0.01640625,0.6902777777777778,0.1953125,0.3472222222222222
0,0.32578125,0.6361111111111111,0.1953125,0.3472222222222222
0,0.27265625,0.4236111111111111,0.1953125,0.3472222222222222
0,0.6671875,0.6347222222222222,0.1953125,0.3472222222222222
0,0.990625,0.6402777777777777,0.1953125,0.3472222222222222
0,0.603125,0.6263888888888889,0.1953125,0.3472222222222222
