idx,x,y,width,height
0,0.15234375,0.6291666666666667,0.1953125,0.3472222222222222
0,0.6703125,0.6458333333333334,0.1953125,0.3472222222222222
0,0.2796875,0.5430555555555555,0.1953125,0.3472222222222222
0,0.04765625,0.39166666666666666,0.1953125,0.3472222222222222
0,0.39375,0.5541666666666667,0.1953125,0.3472222222222222
0,0.79609375,0.6097222222222223,0.1953125,0.3472222222222222
0,0.3125,0.4791666666666667,0.1953125,0.3472222222222222
0,0.5921875,0.5375,0.1953125,0.3472222222222222
0,0.83046875,0.5194444444444445,0.1953125,0.3472222222222222
