idx,x,y,width,height
0,0.88203125,0.7694444444444445,0.1953125,0.3472222222222222
0,0.359375,0.7833333333333333,0.1953125,0.3472222222222222
0,0.1453125,0.6930555555555555,0.1953125,0.3472222222222222
0,0.47109375,0.7847222222222222,0.1953125,0.3472222222222222
0,0.57421875,0.7736111111111111,0.1953125,0.3472222222222222
0,0.665625,0.5180555555555556,0.1953125,0.3472222222222222
0,0.6328125,0.5347222222222222,0.1953125,0.3472222222222222
0,0.60859375,0.5375,0.1953125,0.3472222222222222
0,0.4921875,0.7763888888888889,0.1953125,0.3472222222222222
