idx,x,y,width,height
0,0.82734375,0.5236111111111111,0.1953125,0.3472222222222222
0,0.74609375,0.5222222222222223,0.1953125,0.3472222222222222
0,0.39765625,0.6055555555555555,0.1953125,0.3472222222222222
0,0.37265625,0.6013888888888889,0.1953125,0.3472222222222222
0,0.275,0.39861111111111114,0.1953125,0.3472222222222222
0,0.265625,0.6097222222222223,0.1953125,0.3472222222222222
0,0.825,0.30833333333333335,0.1953125,0.3472222222222222
0,0.67734375,0.5180555555555556,0.1953125,0.3472222222222222
0,0.89609375,0.6444444444444445,0.1953125,0.3472222222222222
