idx,x,y,width,height
0,0.3359375,0.7138888888888889,0.1953125,0.3472222222222222
0,0.88515625,0.7541666666666667,0.1953125,0.3472222222222222
0,0.57265625,0.3736111111111111,0.1953125,0.3472222222222222
0,0.61015625,0.30972222222222223,0.1953125,0.3472222222222222
0,0.9484375,0.375,0.1953125,0.3472222222222222
0,0.7015625,0.2847222222222222,0.1953125,0.3472222222222222
0,0.3265625,0.5236111111111111,0.1953125,0.3472222222222222
0,0.96015625,0.7458333333333333,0.1953125,0.3472222222222222
0,0.01796875,0.7680555555555556,0.1953125,0.3472222222222222
