idx,x,y,width,height
0,0.4875,0.42083333333333334,0.1953125,0.3472222222222222
0,0.6296875,0.6430555555555556,0.1953125,0.3472222222222222
0,0.0671875,0.5722222222222222,0.1953125,0.3472222222222222
0,0.9859375,0.5097222222222222,0.1953125,0.3472222222222222
0,0.90078125,0.6583333333333333,0.1953125,0.3472222222222222
0,0.78046875,0.6583333333333333,0.1953125,0.3472222222222222
0,0.44296875,0.6138888888888889,0.1953125,0.3472222222222222
0,0.48984375,0.6333333333333333,0.1953125,0.3472222222222222
0,0.53125,0.6305555555555555,0.1953125,0.3472222222222222
