idx,x,y,width,height
0,0.32578125,0.5583333333333333,0.1953125,0.3472222222222222
0,0.390625,0.5347222222222222,0.1953125,0.3472222222222222
0,0.1515625,0.5027777777777778,0.1953125,0.3472222222222222
0,0.25234375,0.4847222222222222,0.1953125,0.3472222222222222
0,0.4171875,0.5,0.1953125,0.3472222222222222
0,0.47265625,0.4861111111111111,0.1953125,0.3472222222222222
0,0.1015625,0.5083333333333333,0.1953125,0.3472222222222222
0,0.184375,0.3541666666666667,0.1953125,0.3472222222222222
0,0.29609375,0.5833333333333334,0.1953125,0.3472222222222222
